oATAnoMJs
NOVELLARUM CONSTITUTIONUM,

quae apud Athanasium, Theodorum, Philoxenum, Symbalium,
Anonymum 1111111111.

(subest ordo CLXVIII Novellarum. Am. Athannsium, I'IeocI. 'Iheodorum‚ 17111. Philoxenum, symb.
Symbatium, 4111111. lacertorum fragmenta designat.)

Nou. 1. 11111. 9. 1. [1. 97, 4. [11111. 8. 14. [1. 98, 5. [11111. [11111. 8. 19. [1. 110., 19. [11111. 810. [1. 148, 15 [11111.
815. [179, 19. [11111. 8. 7. [1. 147., 15. [11111. 8. 9. 8. 19. [1. 157, 18. [11111. 8. 7.[1.199, 99. [11111. 8. 4.

[1. 157, 1111011. [1. 994.

111111. 9. 11111. 10. 1. [1. 119, 9. [11111. 8. 10-11. [1. 110.,
15. parat. 819. [1. 157.,17. [11111. 8. 4. [1. 191.

111111. 9. 4111.1.9.[1.18.

Ν1111. 4. 14111191. [1. 159, 5. [11111. 817. [1. 79.

Νου. 5. Am. 1. 19. [1. 90, 9. [11111. 8. 4. [1. 49, 8. [11111.
8. 9. [1. 95, 9. parat. 8. 9. [1. 108, 10. [11111. 8. 9.
[1. 199., 19. [11111. 811. [1. 148.,18. [11111. 8. 9. 199.

111111. 9. Am. 1. 1. [1. 1., 9. [11111. 8. 1. [1. 49, 4. [11111.
8. 1. [1. 97, 8. parat. 8. 1. [1. 95, 10. [11111. 8. 1. 1.
[1. 199.,11111111.[1.995. ’

11117. 11111. 9. 1. [1. 99., 4. [11111. 8. 9. [1. 98, 1111111111
περὶ «11μά1111, 8. 9. [1. 191.

Νου. 8. 11114. 1. [1. 49, 1. parnt. 8. 9. [1. 95, 8. [11111.
8. 4. [1. 95, 90. [11111. 8. 9. p. 178, 99. [11111. 8.1.
[1. 189.

Ν1111. 9. ’.4111 9. 4. [1. 98.

1111. 10. 1111. 11. 1. [1. 111.

1111111. 4111. 1. 8. [1. 99.

Nov. 19. 4111. 11. 1. [1. 195, 4. [11111. 8. 19. [1. 09,
1111119. [1. 999.

Nov. 19. ,4111 4. 9. [1. 51, 4. parat. 8. 9. [1. 98, 19.
parat. 8. 9. [1. 147.

Nou. 14. 4111. 19. 1. [1. 149, 4. [11111. 8. 17. 1. [1. 99.

Nov. 15. 4111. 4. 94. [1. 05, 1. [111111. 8. 5. [1. 99, 9.
parat. 8. 9. [1. 49, 7. [11111. 8. 8. [1. 90, 90. [11111. 8. 5.
[1. 179, 99. [11111. 8. 15. [1. 184.

‚Noa 16. 11111.1.10.[1.19.

Nov. 17. 1111. 4. 9. [1. 59., 1. [11111. 8. 9. 11. 195,, 9.
[11111. 8. 5. [1. 49, 511111. 8. 5. [1. 78, 9911111. 8. 9.
[1. 178, 99. [111111. 8. 2. [1. 188, libellus περὶ dm. ἄνανν.
8. 4. [1. 191.

Nov. 18. 1111. 18. 9. [1. 98, 10. [11111. 8. 9. [1. 199., 19. .
[11111. 8. 8. [1. 147., 14. [11111. 8. 9. [1. 159, 15. [11111.
810. [1. 157, libellus περὶ 9119911111. 8.19.[1.195,
1111111. [1. 997.

Now. 19. Ath. 11. 9. [1. 199.

11111. 90. 1111. 7. 1. [1. 89, 10. [11111. 8. 10. [1. 194.

11911. 91. 1111111. [1998.

111111. 99. 1111. 10. 9. p. 119, 1. [11111. 8. 9. [1. 99, 9.

[1. 184., 11111111 περὶ dm. 91111. 8.19.[1. 195, 1111119.
[1. 998, symb. p. 991.

1111199. 14111. 7. 9. [1. 82„ 19. [11111. 8. 5. [1. 147., Β.
[11111. 8. 5. [1. 184., 1111911118 mel 5111. drap. 8. 9.
p. 194.

1111194. 1111. 4. 4. [1. 54.

1111195. 1111. 4. 5. [1. 54.

Nov. 26. 4111. 4. 9. [1. 55.

1111197. Δ111.4.7.[1.55. “

1111111. 111111. [111.

11111199. 11111.4.11.[1.11.

Nov. 90. 11114. 10. [1. 59.

Nov. 91. 1111111111.

1111199. 4111. 19. 1. [1. 159, 15. [11111. 8. 19. 11511,
17. [11111. 8. 7. [1. 199, 1111119. [1. 997.

Nou. 99. 4111. 19. 9. [1. 190, 9. [11111. 8. 9. [1. 110.
Νου. 94. 8111199. [1191.

1111. 11. 111. 11. 4. p. m.
111. 11. 111. 11. 1. ,1. 1111.

Nov. ³7. 1111. 9. 9. [1. 99, 9. [11111. 8. 4. [1. 48.
Non. 98. 1111. 8. 1. [1. 91, 5. parat. 8. 14. [1. 79., 18.

[11111. 8. 4. [1. 199., 99. [11111. 8. 9. [1. 184., 1111111111 περὶ
«Im. 1111111. 8. 11. [1. 194.

, Nou. 111. 111. 111. ρ. 111, 1111111. 11. 1111, 11.

[111111. 8. 1. [1. 149.,1“111(111.[1.998.
Nou. 40. 8111. 9. 7. [1. 99.
Nov. 41. Δ111. 7. 4. [1. 94.

Nov. 49. 4111. 1. 5. [1. 19.,9.[11111.8.1. [1. 48.
Non. 49. 4111911. [1. 41.

Nov. 44. Ath. 14. 1. [1. 149,, mod. [1. m

1111145. 4111. 8. 9 [1. 99., 9. [11111. 8. 8. [1. 49, 18
[11111. 8. 5. [1. 199.

Nw· 461 Aul· Β. 81 Ρ. ⁴0·

1111111. 47. 11111. 14. 9. [1. 149, 1111111. [1. 940.

111111. 48. 1111. 9. 4. [1. 101, 15. [11111. 811.[1. 157,
Thena. [1. 910.

Nov. 49. 11117. 9. [1. 89, 5. [11111. 819. 1.,79, 14.
parat. 8. 4. [1.149., 11111111. [1. 940.

11111. 50. 4111. 7. 4. [1. 84.

111111. 51. 4111.19.9.[1.149,1.[11111.8.7.[1.99.

 

