111111,111

111111111212.10.,ρ1·1111111“011·11115.2,1111111111 22.2.,111111111111112,51.1,111-
minuare V 552,1111111111111111111112.1832, 21146118),1111111110161111 eteriti
211.41.3,,111110111”1111111111111111121 37.22.,1111111111·111111111111111156.1,,11-
511111111244,1211151116.,2.71. 11, [111111 pro 111 1111111112. 46, 3. 51. 2.
etrum), 1111111111 pro 111111111112111 44. 2,43.13,11’11“11111·2149.,5 55. 7, 211147,,5
48. 5., [11111111 11. 18. 15.,111110112.24. 9., 64, 1., 651, erepereotiorio 2. 72. 4., portem
pro posteo 11. 3. 29.,11141. 1.,12. 32. 4,, V. 18. 8., 21. 22. 6,,211 23. 1., 44, 2., 45.
11., 2111. 15. 5., 16. 9., 111111111111111 inventario 1. 3. 19, V. 37. 24., 51, 13,, 52. 3.,
53. 2. 113, et 4, 115, 21. 30. 6. 11 22, Huc spectet 11 inusitata dicendi ratio 01111111· in-
111 pro 11111111111111111 Vll. 48. 2., 1111111111 pro opootm 12. 2, 17, 5, 11., 30. 14, 21.
49. 710), minoretur pro eo, oui XX V. 1111111111111111111111111, 11. 4. 21, 1111111111 pro proe-
eoriptioneIV. 52.1, V. 12. 30, 43. 1., 46. 1., 73, 1., 212. 8. 11 10, 30. 8., Vll. 26, 7.,
271, 2111. 29. 2., 44. 26, solidus pro periuria 12. 50. 7., 51. 6.117,,59,7, V. 51,
3,, 2111. 17. 7,, 27, 13,11111111111111111111111 7. 4,, 21. 16. 25., 2111. 36, 2111111111-
‘que Atque genera rernm adeo npnd nostrum scriptorem habentur permixte, ut, quid exierit, 111-
quondo mireris. 8111111 miserrimo genere effertur V. 12. 131118. 11 22. 1124, 21. 44,
24., 111 11 cor-pne 111. 43. 10, denique piprnu 211124. 1., 42. 17. Simili modo 1111111111
211. 43. 8., 53. 6., 63. 6., 64. 6., 1111111211. 62. 21.,1111111111112. 61, 8., tritiores 111. 36.
5.,11111111111178, 21. 22. 2., 21113. 1., 111011111150.7, 12, 2. 6., 21. 1., 30. 7.,
2. 16. 13, 71. 141118, 2137. 15., 42. 17., 60, 8., 61. 8., 2111. 17. 8., 188, 30.
2., 42. 151125, 1111111111112111.10.5, 1171117, 11111111112111. 44. 26, ptooitne
11. 4. 21., 12. 45. 3,, 49. 12., 54. 1. 118, 58. 4., 64. 7., 65, 16.,2111.24.1,1111111111-
11111 111. 28. 3. 11 13. 11 31, 12. 1. 13,, 2. 29. 3,, 21. 23, 11. 11 11111. 11191121,
25. 1., 27. 1., 29. 1,, 32. 1., 36. 2, 118, 37. 9., 39, 2., 42. 29, 58. 15., vlt. 1. 10.
1111.,2,11,1112.,4.12, 1111·11111111112.30.16, 1111111111111111 43. 10, 11111111
21111011, 1111111111112.3.1, 1111112111.34.1,35.15, 11111111111111120. 20,
vitius Vll. 2. 12.,1111111111112. 55. 5., 57. 5. Porro 11111111 admonere per est 1111111111-
11111 111. 35, 5., ornnes prioiteptoo 1. 2. 35,111111911111111111111 26. 1., 1101111111 55. 3.
114, 111. 3. 4. 11 5., 8. 3., V. 11. 3., arbitrem 211. 17. 2., 22. 1., 62. 21. Atque etium
1111 1 vulgari regulo recedunt: pemronie pro 1111111111 21121. 22., 1111111111 pro attinentes 12.
3221, 21154. 1., 2111. 37. 2., 1110111111111011211. 21. 3., 24. 1., 2111. 13. 19, tenir
pro 11111211. 32, 10, 73. 3117, deniqne potie pro poter 111. 32. 16., 12. 2. 12., 5. 2.,
19. 11., 3519, 45, 2., V. 12, 1., 21. 44. 4., 49. 16., 52. 3. 116, 62. 11. 11161121,
1123, 74. 1., 75. 1., 211. 16. 3., 22. 4., 45, 8., 53. 8., 58. 1., 62. 4., 67. 1., vni. 16.
2., 25. 5., 30, 3., 35. 2. 117, 37. 8., 40. 6, 1111. 11 18,,41. 5., 42. 5, 1124, 44. 2.
Denique 111111 perfecti temporis 11111111 1 communi ratione recedunt: conpretremit 111. 8. 1, fn-
9111111 1. 48, 111221, 11111111111113,6, 1111111111111132.20.,12.6,3, recipisti
11132. 17, υ11111111111112.36. 1.,111111111112111, 11111121358, 1101511111-
111112. 30, 'e et 14. et 15, V. 717,211551,1101111111111111111123013.111-
que etimu praepositionum oum oerto cusu 1111111111 evulgari norma epod nostrum recedit. Sie
rte aecusativo casui iung ituri. 28. 4, 11. 2. inscript. 11 3.1,5,1,111 40. 2, 12.2. 17.
’1227 369452492 50,,5, 2.213. 37.4,52.,175..1, 213..3,49,.3
ert. 1119, 211. 8. 6. 621 ..1116 1137 2111. 10. 6, 27. 1., 35, 9., 37. 6,·,111111111
111111111111111111111230. 14, 65. 18. 1111111111111111111111111111111111111111111111.720,
2212.,925.,36292114.3.,55.,3211,2.3,..196,2111.,101141,.5,11111
11.12.11,12.29.10, 21.2.20,2.012,1116 211144, 364 Sioetpro ll..3

,18) 1111 ex statutis venetorum Dneoogins 111 glossario 11 scriptores uredine et 1111111111 notrorum 1111111111.
oon· 11. p. 252, 1111111111. 511) 1211111111 Funeris pauper, eloe 1111. 60) Vocem 1111111111 numogms 1. 1. tom. 11.
p. 1131). 111 Latino Noveliermu {mennonium versione Gregorltque Magni 1111111111 adstruxit.

62

 

