CATALOGUS NOVELLARUM

Nov. 52. 111161. [1. 80, 4. [1111111. 8. 11. [1. 68, 14.
[1111111. 8. 6. [1. 152,, 15. [111111. 8. 6. [1. 157.

11111156. 11111. 5. 4. [1. 76, 9. [1111111. 8. 7. [1. 109,, 10.
[191111. 8. 4. [1. 169,15.[1.11111.8. 5. [1. 156.

1199. 54. Ath. 18. 1. [1. 166.,2.[1111111. 8. 9. [1. 44.

Nov. 55. 11111. 2. 9. [1. 40, 1. parat. 8 2. [1. 25.

Noc. 56. 1111. 1.11. [1. 19.

Nov- 57. ,111. 1. 12. [1. 20.

511158. 1111. 1. 6. [1. 17., 6. parat. 8. 2. [1. 48.

11911. 59. 11111. 2. 12. [1. 42.,1111011. [1. 266.

1159. 60. 8111. 6. 2. [1. 80, 4. [1111111. 8. 12. [1. 68, 15.
[1111111. 8. 7. [1. 157, 71191111. [1. 241.

11111161. ,111. 10. 6. [1. 121, tit. 15. [1111111. 8. 14. [1. 158.

111111. 62. 1111. 22. 6. [1. 182, 7. parat. 8. 10. [1. 91.

11119. 66. 11111. 21. 2. [1. 180.

11119. 64. 11111. 21. 1. [1.,180.

11111165. 11111. 2. 10. [1. 41.

1111966. 11111. 9. 5. [1. 161.

Non. 67. 11111.1. 7.“[1. 17., 2. [1111111. 8. 6. [1. 46.

111111. 68. 11111. 10. 4. [1. 122, 9. [1111111. 8. 16. [1. 111.

Nov- 69. 11111. 4. 16. [1. 57, 7. parat. 8. 2. [1.90,1111911119
περὶ διοφ. 1111171. 8. 5. [1. 192.

111111. 70. 1111119. [1. 70..18. parat. 8. 6. [1. 169.

Nou. 71. 11111. ae, 5. [1. 71, 4. parat. 8. 17. 5. [1. 69., 5.
μω8η18

1191172. 11111.16.1.[1.141, 4. [1111111. 8. 19. [1. 69, 17.
parat. 8. 5. [1. 162.

ΜΛωΜΜψψμῃω1ωμ1
1119911. [1. 211, Phil. p. 260.

11119. 74. 11111. 11. 3. [1. 166., 10. parat. 8. 10. [1. 164.

5119. 75. 11111. 4. 21. [1. 61.

11119. 76. Δ1111. 1. 16. [1. 22.

11111. 77. ,161. 12. 6. [1. 144, 4. parat. 8. 18. [1. 69.

11111178. 11111. 18. 2. [1. 164, 9. [1111111. 8. 18. [1.111,10.
[1111118191. 164, libellus περὶ διαφ. 611111. 8. 18.
[1. 197,,1119011. [1. 212.

Nou. 79. 11111. 1. 15. [1. 22.,4.[111191. 8. 5. [1. 67

Xov. 80. ,111. 4. 14. [1. 58.

Nou. 81. 1111. 18. 6. [1. 164, 22. parat. 8. 8. [1. 184.

1151182. 11111. 4. 15. [1. 58, 5. parat. 8. 7. [1. 78., 7.
parat. 8. 6. [1. 90.

Νου. 86. 1111. 1. 4. [1. 16.. 4. [1111111. 8. 4. [1. 67.

Nou.. 84. 11111. 9. 6. [1. 102.

,1111185 11111. 20. 4. [1. 176, 1111911119 περὶ dmm. 11111111.
8. 21. [1. 198.

Nun. 86. 11111. 1. 6. [1. 15.

Nov- 87. ,111. 8. 6. [1. 96, 11191111. p. 242.

311111. 88. Am. 6. 6. [1. 81., 17. [1111111. 8. 6. [1.162.,’1“119011.
[1. 242. ,

,191189 11111. 11. 4. [1. 167, 8. [1111111. 8, 5. [1. 95, 9.
parat. 8. 17. [1. 111.,10. [1111111. 812. [1. 164,16. [1111111.
8.16.[1.148.

Noe. 90. 11111. 5. 5. [1. 75, 4. parat. 8 10. [1. 68, 14.
parat. 8. 6. [1. 151, libellus περὶ dmm. ἀναγν. 8. 7.
[1. 194, 1119911. [1.246.,1’1111, [1. 260.

Μω1ω1ω19,9551815,
1111911118 περι 1111111. ἀναγν. [1. 1115.

Xon. 92. 1111197. [1. 102.

Nm). 93. ,1111 7. 5. [1. 64.

Xov. 94. 1111. 16. 2. [1. 145, ’15. [1111111. 8. 18. [1. 159.

Nov- 95. 11111. 4. 18. [1. 611.

ffil

1191195. 11111. 5. 1. [1. 70.,15. [1111111. 8. 6. [1. 156.

1151197. 11111. 10. 6. [1. 126, 9. [1111111. 8.14.[1. 111.,14.
parat. 8. 8. [1. 152, 15. parat. 8. 16. [1. 158, 1111911111
περὶ dmm. ἀναγν. 8. 15. [1. 196, ’1119611 [1. 240.

11111198. 11111. 10. 7. [1. 125.

Nou. 99. Am. 14. 2. [1. 156.,11111111. [1. 262.

Nou. 100. 1111. 10. 8. [1.125.,’11191111. [1. 247.

111111. 101. 11111. 8. 5. [1.95,10. parat. 8. 5. [1. 166.

Nou. 102. 11111. 4. 16. [1. 60.

Non. 106. 11111. 4. 20. [1. 61.

Nov. 104. 11111. 4. 21. [1. 61.

Nov. 105. 11111. 22. 1. [1. 181.

11119. 106. 1111117. 1. [1. 161.

Not). 107. 11111. 9. 8. [1. 106.

Νου. 108. 11111. 9. 9. [1. 106,,10. [1111118841. 166.

Nou. 109. Am. 6. 1. [1. 44.

111111. 110. 11111119. [1. 161.

Nov. 111. Am. 2. 5. [1. 68, libellus περὶ dcam. ἀναγν.
8. 6. [1. 191, 1119011. [1. 248.

Now. 112. 11111. 5. 2. [1. 71, 9. parat. 8. 6. [1. 109, 15.
parat. 8. 4. [1. 156.

Νου. 116. 11111. 4. 16. [1. 59, 5. [1111111. 8. 8. [1. 78, 7.
parat. 8. 4. [1. 90.

Nov- 114. 11111. 22. 0. [1. 186, ’1119011 [1. 251.

11911. 115. 11111. 7. 7. [1. 86, 2. [1111111.8.7.[1.46,6.[1111111.
8. 7. [1. 49, 5. parat. 8. 16. [1. 79, 6. [1111111. 8. 6. [1. 82.,
9. parat. 8. 8. [1. 110, 1611111118. 6. [1. 147, 15111191.
8. 8. [1. 157.. 1199111111 περὶ thav. ἀναγν. 8. 10. [1. 104,
’1119911 [1. 251.

11911116. Am. 20. 6. [1. 175.

111111. 117. 11111. 10. 9. [1. 126, 2111111. 8. 8. [1. 44, 4.
[1111118.15.[1.69., 9. [1111111. 8. 15.[1.111, 11. [1111111.
8. 2. [1. 142, 16. [1111111. 8. 6. [1. 148, 14. parat. 8. 7.
[1. 152, 22. [1111111. 8. 7. [1. 184, libellus περὶ διαφ.
ἀναγν. 8. 16. [1. 190, Τ119011. [1. 251.

Nov. 118. Α111. 9. 10. [1. 104, 6. [1111111. 8. 9. [1. 49, ’16.
[1111111. 86. [1. 147, Τ119011. [1. 256, symb. [1.261.,1111911.
[1. 266.

111111. 119. 11111. 10. 10. [1. 160, 7. [1111111. 8. 0. [1. 90, 9.
[1111111. 8.16.[1.111, 14. parat. 8. 9. [1. 152, libellus
περὶ 111-αφ. ἀναγν. 8. 17. [1. 106, ’1119911 [1. 255.

11911. 120. 11111. 2. 2. [1. 29, 17. [1111111. 8.1. [1. 162.

Nou. 121. 11111116. [1. 162., 1119011. [1. 256.

Νου. 122. 11111. 21. 6. [1.·181.

Nov. 126. Am. 1. 2. [1. 4., 2. parat. 8. 2. [1. 42, 4.
parat. 8. 2. [1. 67, 5. [1111111. 8. 1. 91 8. 2. [1. 77., 8. parat.
8. 2. [1. 65, 6. parat. 8.1.[1. 108., 10. [1111111. 8. 1.11.
[1.162,12.[1111.11. 8. 1.[1.144., 16. parat. 8. 1. [1. 147,
15. parat. 8. 1. [1. 155, 18. [1111111. 8. 1. 8168, 20. [1111111
8. 1. [1. 178, 1111911119 περὶ 1111111. ἀναγν. 8. 1. [1. 191.

Nou. 124. 11111. 5. 6. [1. 72, 4. [1111111. 8. 8. [1. 68, 13,
[1111111. 8. 4. [1. 147.

1111111215. 11111. 4. 17. [1. 56, 5. [1111111. 8. 9. [1. 78., 7.
[1111111. 8. 5. [1. 90.

Noe). 126. ,161. 7. 6. [1. 81.

,11111 127. Am. 0. 12. [1. 109, 10. [1111111. 8. 9. [1. 164,

Non. 128. Am. 20. 1. [1. 171, 4. [1111111. 8. 21. [1. 69.,
22. [1111111. 8 9. [1. 184, libellus περὶ διαφ. ἀναγν. 8. ί211.
[1. 197.

Non. 129. 11119. 2. [1.44., 9111111. 8. 4. [1.109., 11111111.
[1, 265.

ffi

 

